images/crop_step6_20260925_143210596.png	17.49 -0.1 +0.1
images/crop_step4_20260925_143218840.png	10.00 0 0
images/crop_step7_20260925_143235164.png	16.225 +2 +2
images/crop_step12_20260925_143254161.png	1.756 -0.5 0
images/crop_step20_20260925_143309997.png	0.02 +8 +8
images/crop_step21_20260925_143320420.png	0.166 0 +0.5
images/crop_step22_20260925_143327776.png	0.03 +0.005 +0.005
images/crop_step23_20260925_143338453.png	8.010 0 +1
images/crop_step24_20260925_143347669.png	3.59 0 +0.005
images/crop_step8_20260925_143356134.png	18.395 0 0
images/crop_step9_20260925_143408409.png	16.225 -0.01 +0.01
images/crop_step10_20260925_143427884.png	15.735 0 +2
images/crop_step3_20260925_143443715.png	0.2 -0.1 +0.1
images/crop_step5_20260925_143452400.png	4 -0.01 0
images/crop_step11_20260925_143500635.png	17.49 0 +1
